m = -5.044306313967138e-10
mabs = 3.0949731190703665e-07
stdev = 4.0555981604826146e-07
sptime = 2.83887386e-02, 
mytime = 1.11149949e+03